1 333.30 1 5 6 2
2 216.20 7 3 6 1
3 699.34 5 9 3 10
4 442.58 6 2 7 5
5 403.15 3 4 2 8
6 669.66 6 1 8 3
7 21.50 9 7 1 8
8 752.19 3 10 5 1
9 522.03 2 3 7 10
10 768.14 10 6 1 2
11 95.84 8 4 3 10
12 470.89 9 3 1 2
13 241.06 1 3 4 9
14 431.31 3 7 6 1
15 39.46 8 2 7 10
16 736.46 1 6 4 9
17 410.02 2 8 1 9
18 500.88 6 7 4 3
19 615.09 2 9 3 1
20 395.91 6 4 9 2
21 130.20 3 9 2 5
22 556.58 3 1 8 2
23 668.21 2 5 7 1
24 632.36 8 7 3 2
25 735.15 3 1 6 10
26 140.77 3 10 4 8
27 410.56 7 6 2 1
28 514.99 4 10 3 5
29 715.17 6 5 3 9
30 408.26 1 5 7 10
31 291.17 9 10 2 6
32 607.06 3 6 1 10
33 596.99 6 7 5 4
34 488.30 5 8 9 1
35 212.10 1 4 6 2
36 736.79 2 1 10 5
37 697.71 7 8 3 9
38 279.30 5 6 7 1
39 493.48 6 1 7 2
40 128.42 3 5 4 10
41 339.43 1 3 2 5
42 25.22 6 7 10 9
43 32.65 2 8 3 5
44 165.01 10 9 6 2
45 782.18 5 1 2 9
46 422.08 9 10 7 5
47 12.17 9 3 6 5
48 610.01 3 8 7 4
49 19.66 1 7 6 8
50 653.01 10 1 6 4
51 350.11 6 10 7 8
52 238.78 7 1 2 4
53 761.73 2 3 1 8
54 247.08 4 9 2 10
55 399.41 1 7 4 2
56 263.62 3 7 4 6
57 792.51 3 4 9 2
58 538.21 8 1 4 9
59 627.44 2 9 10 1
60 212.20 4 10 5 2
61 398.14 8 7 4 6
62 360.48 9 2 1 5
63 730.87 6 4 7 9
64 547.93 7 8 2 3
65 199.38 5 7 2 8
66 174.37 10 7 5 8
67 704.65 3 1 5 9
68 645.07 8 6 4 7
69 500.48 1 7 6 2
70 748.95 5 4 2 7
71 163.22 9 1 10 2
72 450.77 3 6 4 2
73 670.08 10 5 9 1
74 168.09 7 10 8 5
75 449.98 5 9 10 8
76 58.51 8 10 3 4
77 38.00 2 10 5 6
78 251.77 7 10 8 1
79 785.09 2 7 4 5
80 5.84 8 3 1 9
81 128.10 5 3 7 2
82 249.60 10 6 7 1
83 283.34 10 8 1 3
84 537.04 8 3 6 7
85 551.98 10 5 3 4
86 361.14 1 8 6 2
87 327.56 8 4 6 9
88 236.39 10 4 7 3
89 731.61 3 10 1 7
90 565.89 2 7 3 8
91 51.32 4 1 2 3
92 208.67 4 9 5 8
93 779.70 5 6 9 4
94 17.14 2 8 9 6
95 252.42 5 2 3 6
96 231.96 1 9 3 2
97 422.26 5 4 10 3
98 37.73 3 4 1 7
99 659.02 1 10 3 4
100 339.50 7 1 3 2
101 538.24 9 3 8 7
102 83.80 2 3 1 8
103 645.58 6 3 10 9
104 768.00 5 4 6 9
105 56.59 3 5 8 9
106 135.67 3 7 1 4
107 117.38 5 3 9 10
108 587.51 5 10 9 6
109 1.83 10 6 7 5
110 161.89 2 10 3 4
111 642.49 3 2 9 7
112 86.24 3 1 8 6
113 96.85 5 10 3 9
114 416.93 3 2 7 9
115 222.77 2 6 7 5
116 768.86 10 5 4 3
117 312.41 1 5 7 4
118 334.77 2 8 9 10
119 470.25 6 3 4 2
120 730.39 2 9 4 10
121 105.62 1 2 3 10
122 729.19 1 5 2 7
123 426.49 1 8 4 3
124 508.69 1 10 7 9
125 247.30 2 10 7 9
126 360.95 8 3 7 10
127 198.82 3 7 6 8
128 747.82 7 1 8 3
129 94.80 8 6 2 5
130 218.63 9 4 1 8
131 790.83 6 9 8 10
132 145.81 5 7 1 2
133 97.33 7 4 2 8
134 581.94 1 4 8 9
135 401.93 10 7 9 3
136 735.75 1 3 2 9
137 354.44 5 1 8 6
138 436.19 2 9 8 4
139 644.96 1 2 3 7
140 123.73 10 8 1 3
141 686.50 6 10 7 5
142 437.45 5 6 7 1
143 143.58 4 8 9 6
144 610.02 9 2 6 3
145 435.07 8 6 5 9
146 684.73 6 3 10 1
147 81.78 7 8 9 6
148 569.60 4 7 10 6
149 612.00 6 8 10 4
150 654.85 9 2 1 6
151 282.15 8 1 4 6
152 30.16 6 1 4 7
153 20.72 7 9 3 2
154 551.99 6 10 9 4
155 650.76 4 8 1 2
156 182.99 10 4 8 6
157 141.22 1 8 3 2
158 373.03 6 4 10 1
159 78.81 3 2 9 10
160 476.33 10 6 9 2
161 308.50 7 4 8 2
162 93.51 3 9 6 1
163 642.04 2 5 3 8
164 743.63 4 9 8 7
165 23.52 5 8 6 7
166 0.29 6 9 1 10
167 292.58 4 1 2 6
168 475.18 4 6 5 10
169 370.30 1 9 2 5
170 452.19 6 4 7 8
171 789.18 9 1 2 5
172 692.11 10 5 3 2
173 336.36 4 8 6 2
174 335.23 6 3 10 2
175 357.58 7 8 5 2
176 343.79 4 7 3 5
177 465.88 9 1 6 8
178 219.99 1 6 7 3
179 386.92 5 6 4 10
180 559.90 1 6 3 2
181 147.85 5 7 2 4
182 632.10 2 6 7 9
183 87.80 10 7 2 6
184 86.79 9 3 1 6
185 130.78 1 4 9 5
186 660.34 10 4 2 6
187 560.62 3 6 7 9
188 226.90 2 1 6 3
189 364.49 5 1 4 3
190 299.74 1 5 6 8
191 5.06 7 9 8 1
192 409.53 2 9 10 4
193 603.66 2 6 7 1
194 462.69 6 7 2 3
195 430.69 1 9 6 10
196 778.96 4 7 2 3
197 437.84 6 5 1 4
198 644.63 1 7 5 6
199 145.41 2 10 4 5
200 216.06 7 1 10 8
201 401.59 7 5 2 1
202 737.77 2 10 4 7
203 120.83 4 10 3 7
204 282.09 6 2 4 1
205 620.08 6 2 8 9
206 210.23 8 4 7 1
207 161.15 7 8 5 4
208 195.57 6 9 5 7
209 579.98 7 10 2 1
210 670.18 2 5 9 8
211 217.57 3 9 7 8
212 363.18 5 2 7 3
213 205.48 7 1 6 4
214 230.81 6 3 4 2
215 683.31 6 2 10 9
216 199.03 10 3 6 7
217 46.54 10 6 2 5
218 548.87 8 10 2 9
219 680.21 10 4 5 2
220 242.04 3 9 8 7
221 780.86 2 6 10 7
222 740.42 3 10 1 8
223 592.27 9 3 6 8
224 702.75 10 6 2 1
225 63.11 5 7 3 4
226 245.61 8 7 5 4
227 125.91 2 7 9 3
228 324.21 7 1 9 6
229 200.96 5 10 1 2
230 330.30 7 10 3 1
231 794.89 1 6 7 4
232 670.36 4 10 5 8
233 308.64 5 2 7 6
234 704.01 6 2 3 10
235 314.67 2 5 3 8
236 113.42 9 2 5 3
237 751.73 7 1 5 3
238 450.81 4 5 8 2
239 265.19 9 6 4 10
240 441.30 1 7 10 8
241 775.20 1 3 5 7
242 321.80 5 10 9 1
243 399.36 4 10 3 8
244 34.31 3 6 8 9
245 537.19 9 1 10 2
246 53.53 10 9 5 4
247 406.26 3 8 1 9
248 458.57 2 4 1 9
249 91.76 5 6 2 3
250 531.46 4 1 2 7
251 410.87 7 10 3 1
252 726.48 10 1 8 6
253 13.53 6 10 3 7
254 570.62 1 8 5 4
255 776.82 1 8 2 7
256 690.45 9 10 5 2
257 530.80 2 3 7 8
258 110.36 8 6 9 4
259 761.56 8 5 6 2
260 65.60 3 5 6 1
261 117.64 4 5 7 6
262 110.49 6 2 1 8
263 86.25 7 5 1 4
264 567.74 1 3 2 6
265 456.28 7 9 6 1
266 761.09 5 1 4 7
267 154.08 5 4 8 1
268 436.10 7 3 9 8
269 555.36 1 4 7 6
270 119.59 4 10 9 7
271 449.01 1 7 4 8
272 709.98 4 2 9 7
273 308.21 10 5 6 2
274 153.44 4 8 9 3
275 389.64 8 1 6 5
276 213.84 5 4 6 9
277 154.25 2 3 6 10
278 664.17 4 7 1 3
279 36.67 3 6 10 4
280 225.46 2 5 7 8
281 403.89 4 8 5 10
282 751.25 1 10 9 8
283 697.40 3 2 6 1
284 307.40 3 1 2 8
285 638.02 3 8 10 2
286 224.88 3 1 9 10
287 431.90 4 7 5 10
288 149.08 4 1 8 3
289 475.74 10 3 8 4
290 235.56 3 10 7 5
291 254.22 5 2 10 8
292 198.83 1 10 2 4
293 260.07 1 2 4 6
294 398.09 10 7 8 1
295 292.46 9 2 4 3
296 162.23 8 3 6 9
297 448.38 10 7 1 3
298 467.91 2 5 10 4
299 382.66 9 4 5 1
300 722.17 2 5 4 3
301 30.88 9 2 5 3
302 735.02 8 6 1 9
303 375.52 2 1 5 4
304 768.74 9 1 2 4
305 338.32 4 7 10 8
306 617.17 10 4 8 7
307 696.28 5 2 8 1
308 18.30 7 3 2 5
309 70.34 9 3 2 10
310 675.43 2 9 8 4
311 519.41 8 9 1 4
312 118.71 10 5 4 9
313 89.75 4 6 7 10
314 559.84 2 8 9 1
315 447.71 7 2 10 9
316 49.86 4 10 8 7
317 696.47 6 8 2 1
318 577.19 1 7 6 3
319 441.15 1 5 3 8
320 241.77 5 3 9 1
321 452.72 5 7 8 1
322 250.82 6 9 8 2
323 213.42 2 6 1 9
324 433.34 1 9 6 2
325 31.60 1 2 3 5
326 456.82 2 8 1 7
327 53.43 8 10 6 3
328 33.52 8 2 5 7
329 621.26 2 5 7 6
330 265.23 4 8 6 7
331 767.52 9 10 4 3
332 392.44 6 4 10 1
333 770.23 5 9 10 3
334 728.09 9 6 8 3
335 588.61 7 6 1 10
336 18.53 9 8 6 4
337 748.69 5 4 9 6
338 433.35 8 2 3 4
339 346.74 4 3 8 2
340 785.31 7 5 1 6
341 679.69 2 1 8 3
342 558.28 6 7 1 3
343 726.28 7 10 3 8
344 615.46 4 5 7 6
345 693.94 3 4 9 8
346 204.48 10 1 5 9
347 389.33 9 7 2 10
348 227.26 1 8 2 4
349 554.56 2 1 6 5
350 323.39 7 4 3 6
351 595.16 3 6 8 7
352 548.96 5 4 1 8
353 540.77 8 1 9 2
354 646.94 10 6 2 1
355 109.92 5 2 6 8
356 60.89 5 2 10 6
357 581.66 1 2 5 4
358 521.30 1 2 10 6
359 44.29 8 5 9 3
360 525.62 3 4 5 8
361 472.86 5 4 1 3
362 683.89 4 2 8 1
363 665.44 9 10 6 4
364 42.73 8 6 9 2
365 484.07 6 10 9 8
366 645.73 3 8 10 5
367 693.53 9 2 8 10
368 243.03 7 2 10 5
369 612.46 2 9 3 5
370 397.78 6 2 5 4
371 582.14 1 9 7 10
372 704.98 2 8 5 4
373 87.29 6 7 10 5
374 425.70 8 10 1 2
375 263.78 1 2 10 7
376 199.43 2 5 4 1
377 164.69 2 4 9 6
378 678.88 10 9 8 7
379 496.03 2 10 8 4
380 516.50 5 7 1 10
381 122.75 9 4 8 7
382 104.72 8 3 9 7
383 161.15 5 2 6 7
384 87.47 6 8 5 1
385 233.64 2 5 6 10
386 28.20 6 9 4 10
387 319.70 4 7 8 1
388 94.67 5 6 4 1
389 215.14 10 9 1 5
390 403.45 9 5 7 1
391 754.98 4 6 10 8
392 710.57 10 3 9 2
393 145.62 2 1 8 9
394 55.44 1 10 9 4
395 151.09 2 4 3 6
396 507.31 8 3 10 4
397 422.39 6 10 5 2
398 207.66 3 2 9 7
399 495.52 10 8 7 9
400 546.65 4 8 9 10
401 762.11 9 7 1 8
402 402.94 8 9 1 2
403 659.04 8 1 7 9
404 457.52 4 3 9 5
405 90.04 7 5 3 1
406 378.46 10 7 6 2
407 535.45 7 8 4 5
408 425.92 4 9 10 8
409 628.83 6 9 4 10
410 456.39 2 4 10 1
411 694.17 6 9 8 5
412 565.44 3 10 9 6
413 773.28 8 3 1 5
414 540.28 2 3 5 9
415 82.04 9 7 2 5
416 458.96 4 9 2 1
417 648.71 6 1 4 2
418 404.33 7 8 2 10
419 498.64 6 7 8 5
420 725.76 8 5 2 4
421 687.50 4 8 6 1
422 48.02 2 1 9 6
423 712.50 1 4 8 9
424 220.42 1 9 3 5
425 622.48 4 2 5 6
426 191.48 8 6 2 4
427 364.33 10 3 4 5
428 603.56 5 7 8 3
429 717.33 9 7 1 8
430 374.82 7 5 4 3
431 80.75 10 5 9 7
432 475.81 1 3 2 9
433 114.70 5 1 10 9
434 285.51 6 4 1 5
435 769.46 8 1 6 5
436 757.63 10 2 3 9
437 468.65 5 3 6 1
438 123.52 7 9 3 6
439 22.34 5 10 6 1
440 294.20 4 7 5 10
441 242.41 2 1 6 3
442 421.86 4 5 10 3
443 344.85 6 7 9 5
444 154.41 6 8 2 4
445 57.78 6 5 3 4
446 234.46 3 1 5 10
447 616.59 7 2 1 3
448 673.50 1 8 5 9
449 588.77 8 7 4 1
450 570.72 3 1 2 7
451 224.73 6 2 7 9
452 796.22 2 4 10 6
453 434.70 8 7 3 10
454 451.29 7 2 3 8
455 716.14 2 6 3 9
456 179.22 9 2 5 1
457 376.26 1 8 5 4
458 4.07 2 9 8 4
459 20.32 2 5 7 4
460 575.60 3 2 6 8
461 33.49 7 6 3 1
462 284.34 3 8 6 2
463 654.90 1 2 5 10
464 48.31 2 9 1 4
465 116.79 3 8 10 9
466 434.24 9 6 7 10
467 487.61 8 9 1 4
468 76.74 10 7 5 9
469 660.12 2 7 10 3
470 517.39 5 3 8 6
471 574.16 1 2 4 10
472 191.17 5 6 7 10
473 738.68 4 8 1 2
474 338.88 2 8 4 9
475 291.52 7 3 4 1
476 544.94 4 3 1 8
477 315.25 10 6 5 8
478 221.18 5 1 10 8
479 232.14 5 2 6 7
480 546.78 9 10 4 3
481 537.46 7 9 6 10
482 463.14 4 2 8 9
483 80.75 3 4 6 2
484 298.86 2 10 1 9
485 592.70 10 7 8 5
486 533.25 7 4 1 5
487 5.47 4 2 3 10
488 349.89 7 5 6 4
489 263.24 5 2 8 3
490 131.44 5 8 7 9
491 686.02 1 6 7 10
492 186.36 7 10 3 1
493 164.35 6 5 2 7
494 436.67 10 6 9 8
495 353.54 4 3 10 7
496 718.71 6 1 10 3
497 793.73 2 1 9 6
498 625.14 3 5 6 10
499 325.11 10 5 1 7
500 358.11 10 5 1 8
501 765.12 4 8 2 9
502 425.26 6 7 2 1
503 567.96 4 9 10 3
504 716.44 6 5 1 9
505 496.81 3 8 9 2
506 137.95 9 6 7 3
507 569.78 1 5 6 8
508 519.60 7 9 3 5
509 382.49 1 2 3 4
510 62.12 2 4 1 8
511 277.18 10 1 4 5
512 45.26 9 4 5 1
513 402.84 9 6 7 1
514 220.21 7 5 10 3
515 183.83 3 6 7 10
516 439.09 5 1 8 2
517 780.42 3 4 8 7
518 40.38 3 7 10 6
519 400.68 3 10 9 5
520 24.54 8 6 10 3
521 145.91 10 4 8 6
522 0.75 5 1 7 9
523 585.89 6 10 2 9
524 204.10 10 2 4 6
525 737.85 3 2 4 7
526 589.98 1 5 10 7
527 36.86 6 4 3 2
528 306.98 8 10 3 4
529 722.84 8 6 5 1
530 108.67 4 3 5 10
531 251.23 1 5 2 7
532 681.67 10 5 6 3
533 513.69 2 9 7 6
534 149.64 2 6 9 10
535 19.22 1 10 8 3
536 351.10 9 3 5 10
537 57.23 3 4 6 5
538 493.66 3 1 5 7
539 343.20 4 6 10 5
540 678.64 5 4 1 2
541 568.46 7 5 10 4
542 315.38 4 5 7 9
543 436.92 3 5 4 7
544 60.39 5 9 3 2
545 386.05 3 6 5 1
546 742.78 5 4 7 10
547 217.06 2 1 4 9
548 342.87 7 6 3 1
549 555.83 1 3 5 7
550 141.27 8 5 6 10
551 674.51 6 8 2 5
552 473.58 5 2 9 8
553 707.72 3 1 7 5
554 94.33 8 3 6 1
555 154.17 6 5 9 8
556 297.57 10 6 9 4
557 194.99 3 8 1 6
558 491.84 1 4 8 5
559 302.52 8 3 7 4
560 647.84 9 3 6 5
561 233.80 9 1 3 4
562 249.93 4 6 10 7
563 553.89 8 6 3 9
564 524.00 3 5 10 2
565 151.80 9 10 5 1
566 452.39 3 5 2 1
567 210.78 9 8 5 6
568 319.02 3 9 5 4
569 137.97 4 8 7 10
570 34.96 2 9 1 3
571 378.20 6 9 8 10
572 733.32 10 7 2 8
573 686.88 5 8 1 9
574 459.50 5 2 8 3
575 731.25 1 7 4 10
576 517.71 7 8 4 6
577 686.92 2 1 3 4
578 415.83 2 3 9 4
579 17.95 9 3 2 5
580 513.11 9 8 10 5
581 683.35 8 6 2 10
582 559.88 9 7 1 10
583 739.87 1 9 3 4
584 282.26 4 6 3 2
585 675.62 6 7 9 2
586 760.87 9 10 2 6
587 294.04 6 3 4 5
588 354.87 4 10 5 9
589 510.47 2 8 1 9
590 630.98 4 2 9 1
591 757.44 4 5 10 6
592 731.15 1 2 10 9
593 545.93 7 5 10 8
594 695.63 5 6 9 10
595 515.11 3 9 4 7
596 186.38 7 1 5 8
597 302.72 4 9 7 3
598 579.14 3 2 6 1
599 439.41 6 9 1 2
600 171.61 2 1 8 3
601 171.61 4 6 2 7
602 679.85 4 7 5 3
603 178.22 1 7 8 9
604 289.17 6 7 2 10
605 445.36 9 10 3 7
606 283.36 3 6 5 4
607 157.50 9 5 7 10
608 556.60 5 1 6 7
609 520.33 3 4 5 8
610 440.67 2 10 7 1
611 362.48 7 10 2 6
612 325.98 8 4 5 7
613 541.08 1 3 6 7
614 177.22 8 3 1 6
615 417.37 8 3 10 9
616 486.26 5 1 7 6
617 519.95 10 3 4 8
618 330.71 7 10 2 4
619 723.68 2 6 1 8
620 663.69 3 9 6 2
621 152.31 5 6 7 4
622 490.78 5 6 10 9
623 560.77 9 7 10 2
624 19.61 4 10 9 6
625 384.89 1 10 2 3
626 572.49 3 7 6 1
627 243.04 4 8 9 5
628 311.41 3 9 2 8
629 629.85 8 7 5 1
630 79.81 2 1 8 5
631 736.91 10 9 7 4
632 598.28 8 6 10 4
633 685.37 4 7 1 9
634 693.66 3 4 6 10
635 247.75 10 7 8 2
636 539.70 1 8 2 10
637 83.61 10 5 8 1
638 167.82 9 4 2 3
639 251.05 2 4 5 6
640 455.66 5 4 10 3
641 530.10 6 7 1 3
642 42.19 7 10 1 3
643 529.70 6 8 7 9
644 358.23 3 9 5 10
645 147.47 10 9 4 3
646 149.93 7 10 5 6
647 258.90 3 7 6 9
648 304.22 9 8 10 3
649 454.69 6 2 3 9
650 453.72 10 9 8 1
651 110.17 6 5 9 2
652 45.03 4 10 2 3
653 49.97 9 8 7 4
654 526.78 10 2 7 3
655 477.84 9 4 7 2
656 582.66 5 9 6 7
657 403.57 9 4 6 3
658 415.66 3 7 6 9
659 264.28 3 10 4 1
660 457.64 9 10 4 5
661 352.95 7 1 6 10
662 107.98 7 10 6 5
663 587.49 5 10 8 7
664 248.97 8 10 1 5
665 58.61 7 4 10 1
666 527.50 8 10 6 4
667 508.79 8 4 7 9
668 138.74 5 2 6 3
669 76.51 10 3 1 4
670 633.70 5 6 4 9
671 393.64 5 6 4 2
672 48.35 10 3 8 4
673 163.11 9 10 6 7
674 88.89 8 7 2 5
675 538.71 10 1 5 9
676 688.49 3 7 1 5
677 30.63 4 8 10 1
678 627.13 9 1 6 3
679 119.86 5 4 7 8
680 215.67 9 1 7 5
681 292.91 8 6 10 7
682 401.59 8 6 3 1
683 59.23 9 8 3 1
684 32.36 1 5 7 10
685 457.21 4 2 7 1
686 468.69 1 3 5 4
687 238.86 10 7 6 3
688 315.23 3 5 9 2
689 16.51 7 2 9 4
690 744.00 10 4 9 5
691 647.80 8 7 1 4
692 436.63 6 4 10 9
693 418.80 8 5 3 4
694 388.25 5 3 9 1
695 391.12 9 10 4 3
696 262.97 3 5 9 7
697 256.71 10 5 3 1
698 347.70 9 10 5 3
699 253.75 9 5 2 7
700 33.86 4 5 1 10
701 512.53 7 2 6 3
702 418.12 1 5 2 7
703 229.29 4 5 3 7
704 535.42 10 6 3 5
705 637.60 6 8 1 7
706 396.21 7 4 5 10
707 765.08 10 6 1 4
708 799.97 4 8 3 1
709 244.65 7 3 9 5
710 688.62 9 10 7 4
711 327.17 9 7 10 6
712 82.62 6 5 3 2
713 469.06 10 1 5 2
714 630.35 3 5 7 2
715 363.22 5 8 7 6
716 718.17 5 9 3 1
717 490.37 3 4 8 7
718 667.84 10 9 6 3
719 110.06 5 2 10 3
720 326.26 3 9 2 5
721 751.79 1 4 10 3
722 361.80 4 3 5 8
723 609.58 9 7 5 3
724 653.23 5 9 4 1
725 393.41 3 10 6 8
726 618.43 1 4 2 10
727 702.84 5 2 1 10
728 306.92 10 7 5 9
729 543.06 4 10 7 6
730 734.84 6 2 7 10
731 645.74 1 4 9 10
732 382.45 2 8 6 1
733 405.11 7 3 9 4
734 225.12 2 10 3 9
735 150.24 2 3 5 6
736 204.28 6 8 3 2
737 242.77 4 9 5 10
738 84.81 3 2 1 10
739 149.05 7 8 5 3
740 570.08 7 10 1 2
741 277.24 8 6 9 10
742 647.21 6 10 2 4
743 538.97 4 1 7 3
744 478.20 3 6 5 9
745 459.84 7 6 9 4
746 388.12 2 1 4 9
747 117.76 4 3 7 2
748 140.30 6 9 10 4
749 554.93 3 10 5 8
750 506.88 5 4 8 10
751 568.69 1 5 4 10
752 293.65 4 8 2 1
753 570.47 3 8 7 2
754 615.49 5 6 3 4
755 33.50 7 8 2 9
756 792.98 4 9 10 7
757 53.98 5 8 6 7
758 72.83 1 2 6 5
759 122.60 1 7 9 3
760 705.71 9 1 8 3
761 194.62 1 2 5 4
762 659.98 1 4 9 5
763 261.13 8 7 4 2
764 658.68 9 1 8 4
765 678.89 2 6 5 9
766 3.71 8 1 3 4
767 294.11 5 10 7 2
768 667.34 3 8 1 7
769 536.16 7 9 5 1
770 545.62 6 5 7 4
771 616.09 3 1 6 4
772 266.65 8 7 10 3
773 682.04 2 8 5 6
774 694.42 5 3 8 7
775 482.02 7 6 9 2
776 648.73 2 8 4 7
777 16.19 4 6 7 9
778 243.28 9 5 10 1
779 149.34 7 10 6 2
780 339.01 9 7 2 8
781 163.56 2 1 10 5
782 385.03 7 2 10 3
783 13.04 6 5 2 10
784 284.44 4 8 5 9
785 535.07 5 4 10 1
786 491.73 6 10 9 7
787 454.99 1 9 10 8
788 247.82 7 1 6 8
789 13.61 6 10 1 7
790 115.41 10 8 4 3
791 796.89 3 5 8 7
792 58.35 6 10 2 9
793 700.79 1 7 6 10
794 747.94 6 10 8 5
795 236.64 7 6 3 4
796 255.77 5 7 10 2
797 34.30 4 9 3 8
798 688.12 5 9 1 3
799 30.80 4 10 6 2
800 757.34 7 3 1 9
801 627.42 1 5 8 6
802 360.22 6 7 2 1
803 500.28 9 8 3 6
804 693.63 2 3 7 1
805 158.78 3 9 2 10
806 653.35 6 3 8 10
807 510.55 6 9 1 7
808 661.75 8 2 4 3
809 691.39 9 2 3 5
810 606.73 5 1 9 3
811 308.49 2 3 10 1
812 329.75 1 9 3 4
813 285.64 9 2 7 8
814 710.61 7 3 1 6
815 605.90 2 9 1 6
816 170.45 4 6 8 10
817 202.71 3 7 1 10
818 699.38 10 5 8 9
819 181.04 2 10 1 4
820 87.98 8 4 10 6
821 397.31 5 9 4 10
822 697.32 7 9 3 10
823 289.69 9 7 6 1
824 337.28 10 2 4 9
825 793.84 3 5 2 10
826 604.08 10 6 7 1
827 12.51 3 10 2 7
828 577.73 6 8 9 5
829 786.76 9 10 8 6
830 160.02 5 2 1 4
831 485.97 5 6 4 1
832 267.80 10 7 1 2
833 267.64 4 8 10 1
834 340.07 7 3 5 6
835 162.14 3 6 2 5
836 650.61 8 4 3 6
837 738.11 7 2 5 3
838 140.68 10 2 3 8
839 693.48 2 5 9 6
840 189.26 4 3 6 2
841 72.02 7 2 8 9
842 602.58 9 5 8 7
843 598.42 3 9 8 2
844 444.98 8 10 7 3
845 292.87 1 4 10 5
846 135.70 1 8 2 5
847 776.68 5 2 3 9
848 5.82 6 9 1 5
849 27.69 8 2 6 1
850 565.94 5 9 7 2
851 336.61 8 3 6 10
852 53.15 4 10 7 3
853 185.57 10 6 7 9
854 667.98 10 8 6 3
855 605.43 9 6 1 4
856 748.49 8 2 3 4
857 46.99 5 8 4 1
858 64.88 9 7 5 3
859 373.10 6 4 3 2
860 513.22 2 5 9 4
861 9.85 5 8 2 3
862 97.50 3 2 10 7
863 557.92 1 2 8 7
864 88.87 8 5 6 10
865 658.40 1 8 10 5
866 62.33 8 6 4 1
867 694.17 4 3 10 9
868 617.61 10 1 9 6
869 501.48 10 3 1 6
870 533.37 2 4 5 8
871 622.07 8 4 6 1
872 262.89 6 2 4 7
873 71.66 3 8 10 4
874 776.94 1 6 5 4
875 32.24 6 3 2 5
876 255.52 8 10 5 2
877 90.45 3 6 5 8
878 197.22 10 5 3 9
879 229.46 6 1 7 10
880 283.68 4 5 7 6
881 714.42 1 9 10 8
882 294.66 10 2 7 4
883 786.71 10 5 7 3
884 316.79 4 2 5 10
885 299.24 4 8 10 3
886 618.54 9 5 2 3
887 331.83 8 2 1 5
888 373.05 2 1 4 8
889 546.81 5 10 7 8
890 523.58 3 2 10 7
891 635.99 9 3 6 1
892 553.36 8 9 3 6
893 560.32 9 4 5 2
894 355.54 3 6 4 2
895 751.75 1 7 2 9
896 326.41 6 4 5 2
897 424.86 4 7 3 1
898 121.02 2 5 1 7
899 748.52 7 1 6 2
900 466.98 1 7 8 5
901 95.97 10 6 4 9
902 67.53 8 1 6 5
903 430.91 6 5 3 8
904 403.81 6 8 7 2
905 61.43 9 6 7 8
906 485.55 9 3 1 10
907 16.88 5 3 1 2
908 464.23 3 1 5 2
909 718.77 9 1 7 4
910 788.39 2 8 7 5
911 440.45 4 10 2 7
912 744.54 9 6 2 10
913 584.07 2 7 4 6
914 30.18 7 2 9 10
915 316.59 3 10 7 5
916 407.72 8 1 4 7
917 630.30 4 1 5 7
918 799.00 5 3 8 6
919 92.83 5 6 4 7
920 799.12 4 1 8 2
921 731.14 4 2 10 8
922 798.35 7 6 3 8
923 763.34 5 1 7 9
924 317.66 9 7 2 8
925 117.86 4 1 3 5
926 119.21 3 8 9 7
927 495.24 4 6 8 1
928 157.48 2 9 5 7
929 444.03 6 2 4 9
930 256.33 9 4 5 2
931 473.61 3 5 8 4
932 303.72 9 8 3 1
933 557.57 10 4 8 2
934 287.84 9 3 5 2
935 101.34 7 10 8 1
936 68.23 7 6 10 3
937 170.56 5 4 8 2
938 234.01 7 2 6 5
939 439.52 8 2 4 7
940 199.46 10 1 5 2
941 618.40 1 3 5 9
942 334.20 6 5 2 1
943 50.94 9 3 5 6
944 326.64 3 9 7 2
945 263.05 8 5 10 7
946 306.09 7 5 9 1
947 23.39 8 4 1 3
948 273.55 2 8 4 1
949 141.74 4 9 10 2
950 309.76 3 7 9 10
951 548.92 5 10 3 8
952 7.36 5 6 10 7
953 104.57 1 7 2 4
954 336.47 4 3 5 2
955 700.30 6 1 4 7
956 661.25 3 7 2 6
957 464.64 8 6 1 2
958 180.83 3 10 5 2
959 600.69 4 8 10 1
960 423.26 7 1 2 10
961 747.83 4 8 3 7
962 631.62 2 3 7 10
963 498.86 1 3 8 9
964 687.27 5 8 2 6
965 491.10 10 3 2 1
966 192.94 4 2 5 9
967 301.21 8 4 6 1
968 277.60 10 7 6 1
969 395.76 6 3 5 1
970 164.66 4 10 1 7
971 789.44 6 3 4 5
972 743.34 7 10 9 4
973 698.01 10 7 8 1
974 798.77 10 3 7 5
975 569.68 2 5 9 7
976 495.34 4 8 6 5
977 541.02 7 9 6 4
978 180.02 9 6 4 8
979 457.09 1 4 5 3
980 40.02 4 1 9 10
981 703.21 5 6 2 4
982 603.89 8 3 5 7
983 46.17 4 10 5 6
984 755.37 5 3 7 2
985 315.53 9 7 1 6
986 166.09 5 2 1 9
987 600.88 3 10 1 7
988 467.10 6 4 8 1
989 565.21 9 4 2 5
990 145.29 3 8 4 6
991 444.47 9 6 3 8
992 260.38 10 7 3 1
993 740.75 6 1 9 7
994 588.89 2 10 4 7
995 138.31 1 4 8 5
996 583.03 10 4 5 3
997 796.00 5 6 1 4
998 393.32 2 7 9 10
999 196.19 9 3 5 6
1000 458.12 2 8 6 9
