.1375
.101875
-.0649282
-.0839583
.1385417
.2875
-.0836406
.1390984
.2880828
.0041378
-.1141674
-.1012076
-.1235149
-.1029392
.121875
-.2166667
-.3278125
.1224602
-.2158522
-.328603
.1206065
.0966366
.1233354
.1042074
-.0686458
-.0585417
-.0885417
-.0784375
-.0679686
-.0589076
-.0876053
-.0785443
-.0532021
-.0162598
-.0499269
-.0301722
-.29375
-.3996875
-.2930642
-.3999525
-.0046553
.0745455
.0785221
.0728885
.0776274
.0422917
.0875
.0575
.0424637
.0875246
.0574811
.0319879
.0306027
.0145128
.221875
.31625
.2219875
.3152969
.0221459
.10375
.05625
.12375
.07625
-.0998282
-.0763529
.22625
.2263003
-.1052132
-.0562411
-.0742085
-.0872397
-.2425
-.30875
-.242793
-.3089538
.1046627
.0490571
.0740528
.0796585
-.0825
-.10125
-.0828847
-.0998788
-.0503058
-.0206203
-.0351339
-.0358008
-.3025
-.39
-.302382
-.3901521
-.0053585
.059534
.0429521
.0466663
.055
.0558113
.0026228
.0295487
.20875
.23
.2152841
.225322
.0353824
